[LEFT_CAM_2K]
cx=1143.26
cy=670.525
fx=1399.54
fy=1399.54
k1=-0.172311
k2=0.0278054

[LEFT_CAM_FHD]
cx=999.262
cy=589.525
fx=1399.54
fy=1399.54
k1=-0.172311
k2=0.0278054

[LEFT_CAM_HD]
cx=658.131
cy=383.262
fx=699.772
fy=699.772
k1=-0.172311
k2=0.0278054

[LEFT_CAM_VGA]
cx=344.065
cy=198.631
fx=349.886
fy=349.886
k1=-0.172311
k2=0.0278054

[RIGHT_CAM_2K]
cx=1104.87
cy=736.632
fx=1397.92
fy=1397.92
k1=-0.171218
k2=0.0268827

[RIGHT_CAM_FHD]
cx=960.87
cy=655.632
fx=1397.92
fy=1397.92
k1=-0.171218
k2=0.0268827

[RIGHT_CAM_HD]
cx=638.935
cy=416.316
fx=698.962
fy=698.962
k1=-0.171218
k2=0.0268827

[RIGHT_CAM_VGA]
cx=334.468
cy=215.158
fx=349.481
fy=349.481
k1=-0.171218
k2=0.0268827

[STEREO]
BaseLine=119.923
CV_2K=0.0219934
CV_FHD=0.0219934
CV_HD=0.0219934
CV_VGA=0.0219934
RX_2K=0.0015656
RX_FHD=0.0015656
RX_HD=0.0015656
RX_VGA=0.0015656
RZ_2K=0.000350264
RZ_FHD=0.000350264
RZ_HD=0.000350264
RZ_VGA=0.000350264
